0 1011.4173228346457 1484.251968503937 224.40944881889777 31.4960629921261
0 1285.0393700787401 1484.251968503937 244.09448818897636 31.4960629921261
0 1568.503937007874 1484.251968503937 244.09448818897613 31.4960629921261
0 1851.9685039370079 1484.251968503937 244.09448818897636 31.4960629921261
0 2135.433070866142 1484.251968503937 244.0944881889768 31.4960629921261
0 2409.0551181102364 1484.251968503937 224.409448818898 31.4960629921261
0 1011.4173228346457 2901.5748031496064 224.40944881889777 31.4960629921261
0 1285.0393700787401 2901.5748031496064 244.09448818897636 31.4960629921261
0 1568.503937007874 2901.5748031496064 244.09448818897613 31.4960629921261
0 1851.9685039370079 2901.5748031496064 244.09448818897636 31.4960629921261
0 2135.433070866142 2901.5748031496064 244.09448818897636 31.4960629921261
0 2409.0551181102364 2901.5748031496064 224.409448818898 31.4960629921261
0 1001.5748031496064 2960.6299212598424 31.496062992125985 86.61417322834632
0 1001.5748031496064 1553.1496062992128 31.496062992125985 106.29921259842558
0 1001.5748031496064 2832.677165354331 31.496062992125985 106.29921259842513
0 1001.5748031496064 2618.110236220473 31.496062992125985 244.09448818897636
0 1001.5748031496064 2334.645669291339 31.496062992125985 244.0944881889768
0 1001.5748031496064 2051.181102362205 31.496062992125985 244.0944881889768
0 1001.5748031496064 1767.7165354330714 31.496062992125985 244.09448818897636
0 2418.8976377952754 2960.6299212598424 31.4960629921261 86.61417322834632
0 2418.8976377952754 1553.1496062992128 31.4960629921261 106.29921259842558
0 2418.8976377952754 2832.677165354331 31.4960629921261 106.29921259842513
0 2418.8976377952754 2618.110236220473 31.4960629921261 244.09448818897636
0 2418.8976377952754 2334.645669291339 31.4960629921261 244.0944881889768
0 2418.8976377952754 2051.181102362205 31.4960629921261 244.0944881889768
0 2418.8976377952754 1767.7165354330714 31.4960629921261 244.09448818897636
0 1001.5748031496064 1425.1968503937007 31.496062992125985 86.61417322834632
0 2418.8976377952754 1425.1968503937007 31.4960629921261 86.61417322834632
0 1426.7716535433071 1767.716535433071 255.9055118110241 23.622047244094574
0 1710.2362204724411 1767.716535433071 255.9055118110241 23.622047244094574
0 1993.7007874015749 1767.716535433071 255.90551181102364 23.622047244094574
0 2276.181102362205 1767.716535433071 253.9370078740153 23.622047244094574
0 1144.2913385826773 1767.716535433071 253.93700787401588 23.622047244094574
0 1426.771653543307 2051.181102362205 255.90551181102387 23.622047244094574
0 1710.236220472441 2051.181102362205 255.90551181102364 23.622047244094574
0 1993.7007874015749 2051.181102362205 255.90551181102364 23.622047244094574
0 2276.181102362205 2051.181102362205 253.9370078740153 23.622047244094574
0 1144.2913385826773 2051.181102362205 253.93700787401588 23.622047244094574
0 1426.771653543307 2334.645669291339 255.90551181102387 23.622047244094574
0 1710.236220472441 2334.645669291339 255.90551181102387 23.622047244094574
0 1993.7007874015749 2334.645669291339 255.90551181102364 23.622047244094574
0 2276.181102362205 2334.645669291339 253.9370078740153 23.622047244094574
0 1144.2913385826773 2334.645669291339 253.93700787401588 23.622047244094574
0 1426.771653543307 2618.1102362204724 255.90551181102387 23.622047244094574
0 1710.236220472441 2618.1102362204724 255.90551181102364 23.622047244094574
0 1993.7007874015749 2618.1102362204724 255.90551181102364 23.622047244094574
0 2276.181102362205 2618.1102362204724 253.9370078740153 23.622047244094574
0 1144.2913385826773 2618.1102362204724 253.93700787401588 23.622047244094574
0 2477.9527559055114 1767.716535433071 86.61417322834723 23.622047244094574
0 2477.9527559055114 2051.181102362205 86.61417322834723 23.622047244094574
0 2477.9527559055114 2334.645669291339 86.61417322834723 23.622047244094574
0 2477.9527559055114 2618.1102362204724 86.61417322834723 23.622047244094574
0 1285.0393700787401 2476.377952755906 23.622047244094574 255.90551181102364
0 1285.0393700787401 2192.9133858267724 23.622047244094574 255.90551181102364
0 1285.0393700787401 1909.4488188976381 23.622047244094574 255.9055118110232
0 1285.0393700787401 1626.968503937008 23.622047244094574 253.93700787401622
0 1285.0393700787401 2758.858267716536 23.622047244094574 253.9370078740153
0 1568.503937007874 2476.377952755906 23.622047244094574 255.90551181102364
0 1568.503937007874 2192.9133858267724 23.622047244094574 255.9055118110232
0 1568.503937007874 1909.4488188976384 23.622047244094574 255.90551181102364
0 1568.503937007874 1626.968503937008 23.622047244094574 253.93700787401622
0 1568.503937007874 2758.858267716536 23.622047244094574 253.9370078740153
0 1851.9685039370079 2476.377952755906 23.622047244094574 255.90551181102364
0 1851.9685039370079 2192.9133858267724 23.622047244094574 255.9055118110232
0 1851.9685039370079 1909.4488188976381 23.622047244094574 255.9055118110232
0 1851.9685039370079 1626.968503937008 23.622047244094574 253.93700787401622
0 1851.9685039370079 2758.858267716536 23.622047244094574 253.9370078740153
0 2135.433070866142 2476.377952755906 23.62204724409412 255.90551181102364
0 2135.433070866142 2192.9133858267724 23.62204724409412 255.90551181102364
0 2135.433070866142 1909.4488188976381 23.62204724409412 255.9055118110232
0 2135.433070866142 1626.968503937008 23.62204724409412 253.93700787401622
0 2135.433070866142 2758.858267716536 23.62204724409412 253.9370078740153
0 1285.0393700787401 2960.6299212598424 23.622047244094574 86.61417322834632
0 1568.503937007874 2960.6299212598424 23.622047244094574 86.61417322834632
0 1851.9685039370079 2960.6299212598424 23.622047244094574 86.61417322834632
0 2135.433070866142 2960.6299212598424 23.62204724409412 86.61417322834632
0 2135.433070866142 1425.1968503937007 23.62204724409412 86.61417322834632
0 1851.9685039370079 1425.1968503937007 23.622047244094574 86.61417322834632
0 1568.503937007874 1425.1968503937007 23.622047244094574 86.61417322834632
0 1285.0393700787401 1425.1968503937007 23.622047244094574 86.61417322834632
0 856.8897637795276 2618.1102362204724 257.8740157480315 17.71653543307093
0 649.7047244094488 2618.1102362204724 117.12598425196859 17.71653543307093
0 600.0 2476.8700787401576 17.71653543307093 264.76377952755865
0 600.0 2192.913385826772 17.71653543307093 263.77952755905517
0 600.0 1909.4488188976384 17.71653543307093 263.77952755905517
0 600.0 1687.5000000000002 17.71653543307093 140.7480314960635
0 658.5629921259842 1625.984251968504 99.40944881889766 17.71653543307093
0 854.9212598425197 1625.984251968504 253.93700787401576 17.71653543307093
0 797.8346456692914 1767.716535433071 375.98425196850405 17.71653543307093
0 854.9212598425197 1909.448818897638 253.93700787401588 17.71653543307093
0 658.5629921259842 1909.448818897638 99.40944881889766 17.71653543307093
0 797.8346456692914 2051.181102362205 375.98425196850405 17.716535433071385
0 854.9212598425197 2192.913385826772 253.93700787401588 17.71653543307093
0 658.5629921259842 2192.913385826772 99.40944881889777 17.71653543307093
0 797.8346456692914 2334.6456692913384 375.98425196850405 17.71653543307093
0 854.9212598425197 2476.3779527559054 253.93700787401588 17.716535433071385
0 658.5629921259842 2476.3779527559054 99.40944881889766 17.716535433071385
0 718.1102362204724 2405.0196850393704 17.71653543307093 123.03149606299303
0 718.1102362204724 2264.2716535433074 17.71653543307093 123.03149606299121
0 718.1102362204724 2121.5551181102364 17.71653543307093 123.03149606299257
0 718.1102362204724 1980.8070866141734 17.71653543307093 123.03149606299121
0 718.1102362204724 1697.3425196850396 17.71653543307093 123.03149606299166
0 903.1496062992126 2756.397637795276 7.874015748031525 258.85826771653547
0 903.1496062992126 2960.6299212598424 7.874015748031525 86.61417322834632
0 946.4566929133858 3000.0 78.74015748031502 7.874015748031525
0 1145.275590551181 3000.0 255.90551181102353 7.874015748031525
0 1426.771653543307 3000.0 259.8425196850394 7.874015748031525
0 1710.236220472441 3000.0 259.8425196850394 7.874015748031525
0 1993.7007874015749 3000.0 259.8425196850394 7.874015748031525
0 2275.1968503937005 3000.0 255.90551181102364 7.874015748031525
0 2477.9527559055114 3000.0 86.61417322834723 7.874015748031525
0 2517.322834645669 2956.6929133858266 7.8740157480319795 78.74015748031479
0 2517.322834645669 2757.8740157480315 7.8740157480319795 255.90551181102364
0 2517.322834645669 2476.3779527559054 7.8740157480319795 259.8425196850394
0 2517.322834645669 2192.913385826772 7.8740157480319795 259.8425196850394
0 2517.322834645669 1909.448818897638 7.8740157480319795 259.8425196850394
0 2517.322834645669 1627.9527559055118 7.8740157480319795 255.90551181102364
0 2477.9527559055114 1385.8267716535433 86.61417322834723 7.874015748031525
0 2517.322834645669 1429.1338582677165 7.8740157480319795 78.74015748031479
0 2275.1968503937005 1385.8267716535433 255.90551181102364 7.874015748031525
0 1993.7007874015749 1385.8267716535433 259.8425196850394 7.874015748031525
0 1710.236220472441 1385.8267716535433 259.8425196850394 7.874015748031525
0 1426.771653543307 1385.8267716535433 259.8425196850394 7.874015748031525
0 1145.275590551181 1385.8267716535433 255.90551181102353 7.874015748031525
0 903.1496062992126 1425.1968503937007 7.874015748031525 86.61417322834632
0 903.1496062992126 1558.5629921259842 7.874015748031525 117.12598425196848
0 903.1496062992126 1696.8503937007874 7.874015748031525 124.01574803149606
0 903.1496062992126 1838.5826771653544 7.874015748031525 124.01574803149606
0 903.1496062992126 1980.3149606299212 7.874015748031525 124.0157480314956
0 903.1496062992126 2122.0472440944886 7.874015748031525 124.01574803149606
0 903.1496062992126 2263.779527559055 7.874015748031525 124.0157480314956
0 903.1496062992126 2405.5118110236217 7.874015748031525 124.01574803149606
0 903.1496062992126 2547.244094488189 7.874015748031525 124.01574803149606
0 946.4566929133858 1385.8267716535433 78.74015748031502 7.874015748031525
1 2277.1653543307084 1484.2519685039376 39.37007874015717 39.37007874015808
1 1993.7007874015749 1484.2519685039376 39.37007874015762 39.37007874015808
1 1993.7007874015749 1484.2519685039376 39.37007874015762 39.37007874015808
1 1710.236220472441 1484.2519685039376 39.37007874015762 39.37007874015808
1 1710.236220472441 1484.2519685039376 39.37007874015762 39.37007874015808
1 1426.7716535433071 1484.2519685039376 39.37007874015762 39.37007874015808
1 1426.7716535433071 1484.2519685039376 39.37007874015762 39.37007874015808
1 1143.3070866141734 1484.2519685039376 39.37007874015762 39.37007874015808
1 1143.3070866141734 1484.2519685039376 39.37007874015762 39.37007874015808
1 1143.3070866141734 2901.574803149607 39.37007874015762 39.37007874015762
1 1143.3070866141734 2901.574803149607 39.37007874015762 39.37007874015762
1 1426.7716535433071 2901.574803149607 39.37007874015762 39.37007874015762
1 1426.7716535433071 2901.574803149607 39.37007874015762 39.37007874015762
1 1710.236220472441 2901.574803149607 39.37007874015762 39.37007874015762
1 1710.236220472441 2901.574803149607 39.37007874015762 39.37007874015762
1 1993.7007874015749 2901.574803149607 39.37007874015762 39.37007874015762
1 1993.7007874015749 2901.574803149607 39.37007874015762 39.37007874015762
1 2277.1653543307084 2901.574803149607 39.37007874015717 39.37007874015762
1 2277.1653543307084 2901.574803149607 39.37007874015717 39.37007874015762
1 2418.8976377952754 2759.84251968504 39.37007874015762 39.37007874015762
1 2418.8976377952754 2759.84251968504 39.37007874015762 39.37007874015762
1 2418.8976377952754 2476.3779527559063 39.37007874015762 39.37007874015717
1 2418.8976377952754 2476.3779527559063 39.37007874015762 39.37007874015717
1 2418.8976377952754 2192.9133858267724 39.37007874015762 39.37007874015762
1 2418.8976377952754 2192.9133858267724 39.37007874015762 39.37007874015762
1 2418.8976377952754 1909.4488188976384 39.37007874015762 39.37007874015762
1 2418.8976377952754 1909.4488188976384 39.37007874015762 39.37007874015762
1 2418.8976377952754 1625.9842519685044 39.37007874015762 39.37007874015762
1 2418.8976377952754 1625.9842519685044 39.37007874015762 39.37007874015762
1 1001.5748031496064 1625.9842519685044 39.37007874015774 39.37007874015762
1 1001.5748031496064 1625.9842519685044 39.37007874015774 39.37007874015762
1 1001.5748031496064 1909.4488188976384 39.37007874015774 39.37007874015762
1 1001.5748031496064 1909.4488188976384 39.37007874015774 39.37007874015762
1 1001.5748031496064 2192.9133858267724 39.37007874015774 39.37007874015762
1 1001.5748031496064 2192.9133858267724 39.37007874015774 39.37007874015762
1 1001.5748031496064 2476.3779527559063 39.37007874015774 39.37007874015717
1 1001.5748031496064 2476.3779527559063 39.37007874015774 39.37007874015717
1 1001.5748031496064 2759.84251968504 39.37007874015774 39.37007874015762
1 1001.5748031496064 2759.84251968504 39.37007874015774 39.37007874015762
1 1285.0393700787401 1767.7165354330714 27.559055118110336 27.559055118110336
1 1285.0393700787401 1767.7165354330714 27.559055118110336 27.559055118110336
1 1568.503937007874 1767.7165354330714 27.55905511811011 27.559055118110336
1 1568.503937007874 1767.7165354330714 27.55905511811011 27.559055118110336
1 1851.9685039370079 1767.7165354330714 27.559055118110336 27.559055118110336
1 1851.9685039370079 1767.7165354330714 27.559055118110336 27.559055118110336
1 2135.433070866142 1767.7165354330714 27.559055118110336 27.559055118110336
1 2135.433070866142 1767.7165354330714 27.559055118110336 27.559055118110336
1 2135.433070866142 2051.181102362205 27.559055118110336 27.55905511811079
1 2135.433070866142 2051.181102362205 27.559055118110336 27.55905511811079
1 1851.9685039370079 2051.181102362205 27.559055118110336 27.55905511811079
1 1851.9685039370079 2051.181102362205 27.559055118110336 27.55905511811079
1 1568.503937007874 2051.181102362205 27.55905511811011 27.55905511811079
1 1568.503937007874 2051.181102362205 27.55905511811011 27.55905511811079
1 1285.0393700787401 2051.181102362205 27.559055118110336 27.55905511811079
1 1285.0393700787401 2051.181102362205 27.559055118110336 27.55905511811079
1 1285.0393700787401 2334.645669291339 27.559055118110336 27.559055118110336
1 1285.0393700787401 2334.645669291339 27.559055118110336 27.559055118110336
1 1568.503937007874 2334.645669291339 27.55905511811011 27.559055118110336
1 1568.503937007874 2334.645669291339 27.55905511811011 27.559055118110336
1 1851.9685039370079 2334.645669291339 27.559055118110336 27.559055118110336
1 1851.9685039370079 2334.645669291339 27.559055118110336 27.559055118110336
1 2135.433070866142 2334.645669291339 27.559055118110336 27.559055118110336
1 2135.433070866142 2334.645669291339 27.559055118110336 27.559055118110336
1 2135.433070866142 2618.110236220473 27.559055118110336 27.559055118110336
1 2135.433070866142 2618.110236220473 27.559055118110336 27.559055118110336
1 1851.9685039370079 2618.110236220473 27.559055118110336 27.559055118110336
1 1851.9685039370079 2618.110236220473 27.559055118110336 27.559055118110336
1 1568.503937007874 2618.110236220473 27.55905511811011 27.559055118110336
1 1568.503937007874 2618.110236220473 27.55905511811011 27.559055118110336
1 1285.0393700787401 2618.110236220473 27.559055118110336 27.559055118110336
1 1285.0393700787401 2618.110236220473 27.559055118110336 27.559055118110336
1 718.1102362204724 1625.9842519685044 19.685039370078925 19.68503937007881
1 718.1102362204724 1625.9842519685044 19.685039370078925 19.68503937007881
1 600.0 1767.7165354330714 19.68503937007881 19.68503937007881
1 600.0 1767.7165354330714 19.68503937007881 19.68503937007881
1 718.1102362204724 1909.4488188976384 19.685039370078925 19.68503937007881
1 718.1102362204724 1909.4488188976384 19.685039370078925 19.68503937007881
1 600.0 2051.181102362205 19.68503937007881 19.685039370078357
1 600.0 2051.181102362205 19.68503937007881 19.685039370078357
1 718.1102362204724 2192.9133858267724 19.685039370078925 19.68503937007881
1 718.1102362204724 2192.9133858267724 19.685039370078925 19.68503937007881
1 600.0 2334.645669291339 19.68503937007881 19.68503937007881
1 600.0 2334.645669291339 19.68503937007881 19.68503937007881
1 718.1102362204724 2618.110236220473 19.685039370078925 19.68503937007881
1 718.1102362204724 2618.110236220473 19.685039370078925 19.68503937007881
1 718.1102362204724 2476.3779527559063 19.685039370078925 19.685039370078357
1 718.1102362204724 2476.3779527559063 19.685039370078925 19.685039370078357
1 2277.1653543307084 1484.2519685039376 39.37007874015717 39.37007874015808